N = 30
K = 3
BB =   1 2 3 4 5 6 7 8 9 10 11 12 13 14 15 16 17 18 19 20 21 22 23 24 25 26 27 28 29 30
S = 13
AAA = 1,2;2,1;1,3;3,1;2,4;4,2;3,4;4,3;2,5;5,2;2,6;6,2;4,6;6,4;5,7;7,5;6,7;7,6;6,8;8,6;6,9;9,6;6,10;10,6;9,11;11,9;9,10;10,9;4,12;12,4;12,13;13,12;12,14;14,12;12,15;15,12;12,16;16,12;14,15;15,14;16,17;17,16;15,18;18,15;18,19;19,18;19,20;20,19;10,20;20,10;10,17;17,10;10,21;21,10;10,22;22,10;21,22;22,21;15,23;23,15;22,24;24,22;23,24;24,23;24,25;25,24;25,26;26,25;25,27;27,25;28,27;27,28;27,29;29,27;27,30;30,27;29,30;30,29;8,28;28,8;6,28;28,6
AAA = 6,9;9,6;6,10;10,6;9,11;11,9;9,10;10,9;12,13;13,12;25,26;26,25
AAA = 1,2;2,1;1,3;3,1;2,4;4,2;3,4;4,3;2,5;5,2;2,6;6,2;5,7;7,5;6,7;7,6;6,8;8,6;6,9;9,6;6,10;10,6;9,11;11,9;9,10;10,9;12,13;13,12;15,18;18,15;18,19;19,18;19,20;20,19;10,20;20,10;10,22;22,10;24,25;25,24;25,26;26,25;25,27;27,25;28,27;27,28;8,28;28,8;6,28;28,6
AAA = 1,2;2,1;1,3;3,1;2,4;4,2;3,4;4,3;2,5;5,2;2,6;6,2;4,6;6,4;5,7;7,5;6,7;7,6;6,8;8,6;6,9;9,6;6,10;10,6;9,11;11,9;9,10;10,9;4,12;12,4;12,13;13,12;12,14;14,12;12,16;16,12;14,15;15,14;16,17;17,16;15,18;18,15;18,19;19,18;19,20;20,19;10,20;20,10;10,21;21,10;10,22;22,10;21,22;22,21;15,23;23,15;23,24;24,23;24,25;25,24;25,26;26,25;25,27;27,25;28,27;27,28;27,29;29,27;27,30;30,27;29,30;30,29;8,28;28,8;6,28;28,6
AAA = 1,2;2,1;1,3;3,1;2,4;4,2;3,4;4,3;2,5;5,2;2,6;6,2;5,7;7,5;6,7;7,6;6,8;8,6;6,9;9,6;6,10;10,6;9,11;11,9;9,10;10,9;12,13;13,12;15,18;18,15;18,19;19,18;19,20;20,19;10,20;20,10;10,21;21,10;10,22;22,10;24,25;25,24;25,26;26,25;25,27;27,25;28,27;27,28;8,28;28,8;6,28;28,6
AAA = 1,2;2,1;1,3;3,1;2,4;4,2;3,4;4,3;2,5;5,2;2,6;6,2;4,6;6,4;5,7;7,5;6,7;7,6;6,8;8,6;6,9;9,6;6,10;10,6;9,11;11,9;9,10;10,9;4,12;12,4;12,13;13,12;12,14;14,12;12,16;16,12;14,15;15,14;16,17;17,16;15,18;18,15;18,19;19,18;19,20;20,19;10,20;20,10;10,17;17,10;10,21;21,10;10,22;22,10;21,22;22,21;15,23;23,15;22,24;24,22;23,24;24,23;24,25;25,24;25,26;26,25;25,27;27,25;28,27;27,28;27,29;29,27;27,30;30,27;29,30;30,29;8,28;28,8;6,28;28,6
AAA = 1,2;2,1;1,3;3,1;2,4;4,2;3,4;4,3;2,5;5,2;2,6;6,2;4,6;6,4;5,7;7,5;6,7;7,6;6,8;8,6;6,9;9,6;6,10;10,6;9,11;11,9;9,10;10,9;4,12;12,4;12,13;13,12;15,18;18,15;18,19;19,18;19,20;20,19;10,20;20,10;10,21;21,10;10,22;22,10;15,23;23,15;23,24;24,23;24,25;25,24;25,26;26,25;25,27;27,25;28,27;27,28;27,29;29,27;27,30;30,27;29,30;30,29;8,28;28,8;6,28;28,6
AAA = 6,8;8,6;6,9;9,6;6,10;10,6;9,11;11,9;9,10;10,9;12,13;13,12;10,22;22,10;24,25;25,24;25,26;26,25;25,27;27,25;28,27;27,28;6,28;28,6
AAA = 2,4;4,2;6,8;8,6;6,9;9,6;6,10;10,6;9,11;11,9;9,10;10,9;12,13;13,12;10,22;22,10;24,25;25,24;25,26;26,25;25,27;27,25;28,27;27,28;8,28;28,8;6,28;28,6
AAA = 4,6;6,4;6,9;9,6;9,11;11,9;9,10;10,9;12,13;13,12;12,14;14,12;12,16;16,12;14,15;15,14;16,17;17,16;15,18;18,15;18,19;19,18;19,20;20,19;10,20;20,10;10,17;17,10;10,21;21,10;10,22;22,10;21,22;22,21;15,23;23,15;22,24;24,22;23,24;24,23;24,25;25,24;25,26;26,25;25,27;27,25
AAA = 6,8;8,6;6,9;9,6;9,11;11,9;9,10;10,9;12,13;13,12;10,22;22,10;24,25;25,24;25,26;26,25;25,27;27,25;28,27;27,28;6,28;28,6
AAA = 2,4;4,2;6,8;8,6;6,9;9,6;9,11;11,9;9,10;10,9;12,13;13,12;10,22;22,10;24,25;25,24;25,26;26,25;25,27;27,25;28,27;27,28;8,28;28,8;6,28;28,6
AAA = 1,2;2,1;1,3;3,1;2,4;4,2;3,4;4,3;2,5;5,2;2,6;6,2;4,6;6,4;5,7;7,5;6,7;7,6;6,8;8,6;6,9;9,6;6,10;10,6;9,11;11,9;9,10;10,9;4,12;12,4;12,13;13,12;15,18;18,15;18,19;19,18;19,20;20,19;10,20;20,10;10,21;21,10;10,22;22,10;15,23;23,15;23,24;24,23;24,25;25,24;25,26;26,25;25,27;27,25;28,27;27,28;8,28;28,8;6,28;28,6
p = 0.000000  21.700000  2.400000  7.600000  0.000000  0.000000  22.800000  30.000000  0.000000  5.800000  0.000000  11.200000  0.000000  6.200000  8.200000  3.500000  9.000000  3.200000  9.500000  2.200000  17.500000  0.000000  3.200000  8.700000  0.000000  3.500000  0.000000  0.000000  2.400000  10.600000
q = 0.000000  12.700000  1.200000  1.600000  0.000000  0.000000  10.900000  30.000000  0.000000  2.000000  0.000000  7.500000  0.000000  1.600000  2.500000  1.800000  5.800000  0.900000  3.400000  0.700000  11.200000  0.000000  1.600000  6.700000  0.000000  2.300000  0.000000  0.000000  0.900000  1.900000
w = 3.323608  2.887075  1.071167  9.108232  7.060788  2.662336  3.874282  6.055243  4.465523  7.053108  8.587068  4.844772  9.086108  4.210395  3.108570  6.736674  9.286280  2.499676  6.055817  5.118043  2.947972  7.565906  5.187928  7.501327  8.800547  1.786220  2.994524  6.960379  7.093105  5.823554
r = 1   2   0.020000  2   1   0.020000 1   3   0.050000  3   1   0.050000 2   4   0.060000  4   2   0.060000 3   4   0.010000  4   3   0.010000 2   5   0.050000  5   2   0.050000 2   6   0.060000  6   2   0.060000 4   6   0.010000  6   4   0.010000 5   7   0.050000  7   5   0.050000 6   7   0.030000  7   6   0.030000 6   8   0.010000  8   6   0.010000 6   9   0.000000  9   6   0.000000 6   10   0.000000  10   6   0.000000 9   11   0.000000  11   9   0.000000 9   10   0.000000  10   9   0.000000 4   12   0.000000  12   4   0.000000 12   13   0.000000  13   12   0.000000 12   14   0.120000  14   12   0.120000 12   15   0.070000  15   12   0.070000 12   16   0.090000  16   12   0.090000 14   15   0.220000  15   14   0.220000 16   17   0.080000  17   16   0.080000 15   18   0.110000  18   15   0.110000 18   19   0.060000  19   18   0.060000 19   20   0.030000  20   19   0.030000 10   20   0.090000  20   10   0.090000 10   17   0.030000  17   10   0.030000 10   21   0.030000  21   10   0.030000 10   22   0.070000  22   10   0.070000 21   22   0.010000  22   21   0.010000 15   23   0.100000  23   15   0.100000 22   24   0.120000  24   22   0.120000 23   24   0.130000  24   23   0.130000 24   25   0.190000  25   24   0.190000 25   26   0.250000  26   25   0.250000 25   27   0.110000  27   25   0.110000 28   27   0.000000  27   28   0.000000 27   29   0.220000  29   27   0.220000 27   30   0.320000  30   27   0.320000 29   30   0.240000  30   29   0.240000 8   28   0.060000  28   8   0.060000 6   28   0.020000  28   6   0.020000
x = 1   2   0.060000  2   1   0.060000 1   3   0.190000  3   1   0.190000 2   4   0.170000  4   2   0.170000 3   4   0.040000  4   3   0.040000 2   5   0.200000  5   2   0.200000 2   6   0.180000  6   2   0.180000 4   6   0.040000  6   4   0.040000 5   7   0.120000  7   5   0.120000 6   7   0.080000  7   6   0.080000 6   8   0.040000  8   6   0.040000 6   9   0.210000  9   6   0.210000 6   10   0.560000  10   6   0.560000 9   11   0.210000  11   9   0.210000 9   10   0.110000  10   9   0.110000 4   12   0.260000  12   4   0.260000 12   13   0.140000  13   12   0.140000 12   14   0.260000  14   12   0.260000 12   15   0.130000  15   12   0.130000 12   16   0.200000  16   12   0.200000 14   15   0.200000  15   14   0.200000 16   17   0.190000  17   16   0.190000 15   18   0.220000  18   15   0.220000 18   19   0.130000  19   18   0.130000 19   20   0.070000  20   19   0.070000 10   20   0.210000  20   10   0.210000 10   17   0.080000  17   10   0.080000 10   21   0.070000  21   10   0.070000 10   22   0.150000  22   10   0.150000 21   22   0.020000  22   21   0.020000 15   23   0.200000  23   15   0.200000 22   24   0.180000  24   22   0.180000 23   24   0.270000  24   23   0.270000 24   25   0.330000  25   24   0.330000 25   26   0.380000  26   25   0.380000 25   27   0.210000  27   25   0.210000 28   27   0.400000  27   28   0.400000 27   29   0.420000  29   27   0.420000 27   30   0.600000  30   27   0.600000 29   30   0.450000  30   29   0.450000 8   28   0.200000  28   8   0.200000 6   28   0.060000  28   6   0.060000
Vo = 5000
VR = 5000
epslison = 0.05
Pmax = 60.000000 50.000000 40.000000
Qmax = 40.000000 35.000000 25.000000
TP = 200
TQ = 200
911
15
13
13
11
10
9
9
5
1
1
1
1
d = 0  1  1  1  0  0  0  0  0  0  0  1  0  0  0  0  0  1  0  1  0  0  0  0  0  0  0  0  0  0
genloc = 2,10