N = 57
K = 3
BB = 1 2 3 4 5 6 7 8 9 10 11 12 13 14 15 16 17 18 19 20 21 22 23 24 25 26 27 28 29 30 31 32 33 34 35 36 37 38 39 40 41 42 43 44 45 46 47 48 49 50 51 52 53 54 55 56 57
S = 14
AAA = 1,2;2,1;2,3;3,2;3,4;4,3;4,5;5,4;4,6;6,4;6,7;7,6;6,8;8,6;8,9;9,8;9,10;10,9;9,11;11,9;9,12;12,9;9,13;13,9;13,14;14,13;13,15;15,13;1,15;15,1;1,16;16,1;1,17;17,1;3,15;15,3;4,18;18,4;5,6;6,5;7,8;8,7;10,12;12,10;11,13;13,11;12,13;13,12;12,16;16,12;12,17;17,12;14,15;15,14;18,19;19,18;19,20;20,19;21,20;20,21;21,22;22,21;22,23;23,22;23,24;24,23;24,25;25,24;24,26;26,24;26,27;27,26;27,28;28,27;28,29;29,28;7,29;29,7;25,30;30,25;30,31;31,30;31,32;32,31;32,33;33,32;34,32;32,34;34,35;35,34;35,36;36,35;36,37;37,36;37,38;38,37;37,39;39,37;36,40;40,36;22,38;38,22;11,41;41,11;41,42;42,41;41,43;43,41;38,44;44,38;15,45;45,15;14,46;46,14;46,47;47,46;47,48;48,47;48,49;49,48;49,50;50,49;50,51;51,50;10,51;51,10;13,49;49,13;29,52;52,29;52,53;53,52;53,54;54,53;54,55;55,54;11,43;43,11;44,45;45,44;40,56;56,40;56,41;41,56;56,42;42,56;39,57;57,39;57,56;56,57;38,49;49,38;38,48;48,38;9,55;55,9
AAA = 25,30;30,25;30,31;31,30;31,32;32,31;32,33;33,32;34,32;32,34;34,35;35,34;35,36;36,35;37,39;39,37;39,57;57,39;57,56;56,57
AAA = 2,3;3,2;4,5;5,4;4,6;6,4;6,7;7,6;8,9;9,8;9,11;11,9;9,12;12,9;9,13;13,9;13,14;14,13;13,15;15,13;1,16;16,1;3,15;15,3;5,6;6,5;7,8;8,7;11,13;13,11;12,16;16,12;12,17;17,12;14,15;15,14;18,19;19,18;19,20;20,19;21,20;20,21;21,22;22,21;22,23;23,22;23,24;24,23;24,25;25,24;24,26;26,24;26,27;27,26;27,28;28,27;28,29;29,28;7,29;29,7;25,30;30,25;30,31;31,30;31,32;32,31;32,33;33,32;34,32;32,34;34,35;35,34;35,36;36,35;36,37;37,36;37,38;38,37;37,39;39,37;36,40;40,36;22,38;38,22;38,44;44,38;15,45;45,15;14,46;46,14;46,47;47,46;47,48;48,47;49,50;50,49;50,51;51,50;13,49;49,13;44,45;45,44;40,56;56,40;39,57;57,39;57,56;56,57
AAA = 1,2;2,1;2,3;3,2;4,5;5,4;4,6;6,4;6,7;7,6;8,9;9,8;9,11;11,9;9,12;12,9;9,13;13,9;13,14;14,13;13,15;15,13;1,16;16,1;3,15;15,3;4,18;18,4;5,6;6,5;7,8;8,7;10,12;12,10;11,13;13,11;12,16;16,12;12,17;17,12;14,15;15,14;18,19;19,18;19,20;20,19;21,20;20,21;21,22;22,21;22,23;23,22;23,24;24,23;24,25;25,24;24,26;26,24;26,27;27,26;27,28;28,27;28,29;29,28;7,29;29,7;25,30;30,25;30,31;31,30;31,32;32,31;32,33;33,32;34,32;32,34;34,35;35,34;35,36;36,35;36,37;37,36;37,38;38,37;37,39;39,37;36,40;40,36;22,38;38,22;38,44;44,38;15,45;45,15;14,46;46,14;46,47;47,46;47,48;48,47;49,50;50,49;50,51;51,50;10,51;51,10;13,49;49,13;44,45;45,44;40,56;56,40;39,57;57,39;57,56;56,57
AAA = 2,3;3,2;8,9;9,8;9,12;12,9;13,14;14,13;13,15;15,13;1,16;16,1;11,13;13,11;12,16;16,12;12,17;17,12;18,19;19,18;19,20;20,19;21,20;20,21;21,22;22,21;22,23;23,22;23,24;24,23;24,25;25,24;25,30;30,25;30,31;31,30;31,32;32,31;32,33;33,32;34,32;32,34;34,35;35,34;35,36;36,35;36,37;37,36;37,38;38,37;37,39;39,37;36,40;40,36;22,38;38,22;14,46;46,14;46,47;47,46;40,56;56,40;39,57;57,39;57,56;56,57
AAA = 1,2;2,1;2,3;3,2;3,4;4,3;4,5;5,4;4,6;6,4;6,7;7,6;8,9;9,8;9,11;11,9;9,12;12,9;9,13;13,9;13,14;14,13;13,15;15,13;1,15;15,1;1,16;16,1;1,17;17,1;3,15;15,3;4,18;18,4;5,6;6,5;7,8;8,7;10,12;12,10;11,13;13,11;12,16;16,12;12,17;17,12;14,15;15,14;18,19;19,18;19,20;20,19;21,20;20,21;21,22;22,21;22,23;23,22;23,24;24,23;24,25;25,24;24,26;26,24;26,27;27,26;27,28;28,27;28,29;29,28;7,29;29,7;25,30;30,25;30,31;31,30;31,32;32,31;32,33;33,32;34,32;32,34;34,35;35,34;35,36;36,35;36,37;37,36;37,38;38,37;37,39;39,37;36,40;40,36;22,38;38,22;38,44;44,38;15,45;45,15;14,46;46,14;46,47;47,46;47,48;48,47;49,50;50,49;50,51;51,50;10,51;51,10;13,49;49,13;29,52;52,29;52,53;53,52;53,54;54,53;54,55;55,54;44,45;45,44;40,56;56,40;39,57;57,39;57,56;56,57;38,49;49,38;9,55;55,9
AAA = 1,2;2,1;2,3;3,2;3,4;4,3;4,5;5,4;4,6;6,4;6,7;7,6;8,9;9,8;9,11;11,9;9,12;12,9;9,13;13,9;13,14;14,13;13,15;15,13;1,15;15,1;1,16;16,1;1,17;17,1;3,15;15,3;4,18;18,4;5,6;6,5;7,8;8,7;10,12;12,10;11,13;13,11;12,16;16,12;12,17;17,12;14,15;15,14;18,19;19,18;19,20;20,19;21,20;20,21;21,22;22,21;22,23;23,22;23,24;24,23;24,25;25,24;24,26;26,24;26,27;27,26;27,28;28,27;28,29;29,28;7,29;29,7;25,30;30,25;30,31;31,30;31,32;32,31;32,33;33,32;34,32;32,34;34,35;35,34;35,36;36,35;36,37;37,36;37,38;38,37;37,39;39,37;36,40;40,36;22,38;38,22;11,41;41,11;41,42;42,41;38,44;44,38;15,45;45,15;14,46;46,14;46,47;47,46;47,48;48,47;48,49;49,48;49,50;50,49;50,51;51,50;10,51;51,10;13,49;49,13;29,52;52,29;52,53;53,52;53,54;54,53;54,55;55,54;44,45;45,44;40,56;56,40;56,41;41,56;56,42;42,56;39,57;57,39;57,56;56,57;38,49;49,38;38,48;48,38;9,55;55,9
AAA = 1,2;2,1;2,3;3,2;4,5;5,4;4,6;6,4;6,7;7,6;8,9;9,8;9,11;11,9;9,12;12,9;9,13;13,9;13,14;14,13;13,15;15,13;1,15;15,1;1,16;16,1;1,17;17,1;3,15;15,3;4,18;18,4;5,6;6,5;7,8;8,7;10,12;12,10;11,13;13,11;12,16;16,12;12,17;17,12;14,15;15,14;18,19;19,18;19,20;20,19;21,20;20,21;21,22;22,21;22,23;23,22;23,24;24,23;24,25;25,24;24,26;26,24;26,27;27,26;27,28;28,27;28,29;29,28;7,29;29,7;25,30;30,25;30,31;31,30;31,32;32,31;32,33;33,32;34,32;32,34;34,35;35,34;35,36;36,35;36,37;37,36;37,38;38,37;37,39;39,37;36,40;40,36;22,38;38,22;38,44;44,38;15,45;45,15;14,46;46,14;46,47;47,46;47,48;48,47;49,50;50,49;50,51;51,50;10,51;51,10;13,49;49,13;44,45;45,44;40,56;56,40;39,57;57,39;57,56;56,57
AAA = 1,2;2,1;2,3;3,2;3,4;4,3;4,5;5,4;4,6;6,4;6,7;7,6;8,9;9,8;9,11;11,9;9,12;12,9;9,13;13,9;13,14;14,13;13,15;15,13;1,15;15,1;1,16;16,1;1,17;17,1;3,15;15,3;4,18;18,4;5,6;6,5;7,8;8,7;10,12;12,10;11,13;13,11;12,16;16,12;12,17;17,12;14,15;15,14;18,19;19,18;19,20;20,19;21,20;20,21;21,22;22,21;22,23;23,22;23,24;24,23;24,25;25,24;24,26;26,24;26,27;27,26;27,28;28,27;28,29;29,28;7,29;29,7;25,30;30,25;30,31;31,30;31,32;32,31;32,33;33,32;34,32;32,34;34,35;35,34;35,36;36,35;36,37;37,36;37,38;38,37;37,39;39,37;36,40;40,36;22,38;38,22;11,41;41,11;41,42;42,41;38,44;44,38;15,45;45,15;14,46;46,14;46,47;47,46;47,48;48,47;48,49;49,48;49,50;50,49;50,51;51,50;10,51;51,10;13,49;49,13;29,52;52,29;52,53;53,52;53,54;54,53;54,55;55,54;44,45;45,44;40,56;56,40;56,42;42,56;39,57;57,39;57,56;56,57;38,49;49,38;9,55;55,9
AAA = 1,2;2,1;2,3;3,2;3,4;4,3;4,5;5,4;4,6;6,4;6,7;7,6;8,9;9,8;9,11;11,9;9,12;12,9;9,13;13,9;13,14;14,13;13,15;15,13;1,15;15,1;1,16;16,1;1,17;17,1;3,15;15,3;4,18;18,4;5,6;6,5;7,8;8,7;10,12;12,10;11,13;13,11;12,16;16,12;12,17;17,12;14,15;15,14;18,19;19,18;19,20;20,19;21,20;20,21;21,22;22,21;22,23;23,22;23,24;24,23;24,25;25,24;24,26;26,24;26,27;27,26;27,28;28,27;28,29;29,28;7,29;29,7;25,30;30,25;30,31;31,30;31,32;32,31;32,33;33,32;34,32;32,34;34,35;35,34;35,36;36,35;36,37;37,36;37,38;38,37;37,39;39,37;36,40;40,36;22,38;38,22;11,41;41,11;41,42;42,41;38,44;44,38;15,45;45,15;14,46;46,14;46,47;47,46;47,48;48,47;48,49;49,48;49,50;50,49;50,51;51,50;10,51;51,10;13,49;49,13;29,52;52,29;52,53;53,52;53,54;54,53;54,55;55,54;44,45;45,44;40,56;56,40;56,41;41,56;56,42;42,56;39,57;57,39;57,56;56,57;38,49;49,38;9,55;55,9
AAA = 1,2;2,1;2,3;3,2;3,4;4,3;4,5;5,4;4,6;6,4;6,7;7,6;6,8;8,6;8,9;9,8;9,11;11,9;9,12;12,9;9,13;13,9;13,14;14,13;13,15;15,13;1,15;15,1;1,16;16,1;1,17;17,1;3,15;15,3;4,18;18,4;5,6;6,5;7,8;8,7;10,12;12,10;11,13;13,11;12,16;16,12;12,17;17,12;14,15;15,14;18,19;19,18;19,20;20,19;21,20;20,21;21,22;22,21;22,23;23,22;23,24;24,23;24,25;25,24;24,26;26,24;26,27;27,26;27,28;28,27;28,29;29,28;7,29;29,7;25,30;30,25;30,31;31,30;31,32;32,31;32,33;33,32;34,32;32,34;34,35;35,34;35,36;36,35;36,37;37,36;37,38;38,37;37,39;39,37;36,40;40,36;22,38;38,22;11,41;41,11;41,42;42,41;41,43;43,41;38,44;44,38;15,45;45,15;14,46;46,14;46,47;47,46;47,48;48,47;48,49;49,48;49,50;50,49;50,51;51,50;10,51;51,10;13,49;49,13;29,52;52,29;52,53;53,52;53,54;54,53;54,55;55,54;44,45;45,44;40,56;56,40;56,41;41,56;56,42;42,56;39,57;57,39;57,56;56,57;38,49;49,38;38,48;48,38;9,55;55,9
AAA = 2,3;3,2;3,4;4,3;4,5;5,4;1,15;15,1;5,6;6,5;12,16;16,12;19,20;20,19;21,20;20,21;21,22;22,21;22,23;23,22;23,24;24,23;24,25;25,24;24,26;26,24;26,27;27,26;27,28;28,27;28,29;29,28;25,30;30,25;30,31;31,30;31,32;32,31;32,33;33,32;34,32;32,34;34,35;35,34;35,36;36,35;36,37;37,36;37,38;38,37;37,39;39,37;36,40;40,36;14,46;46,14;46,47;47,46;47,48;48,47;29,52;52,29;52,53;53,52;40,56;56,40;39,57;57,39;57,56;56,57;38,49;49,38
AAA = 4,5;5,4;1,17;17,1;4,18;18,4;5,6;6,5;14,15;15,14;32,33;33,32;37,39;39,37;11,41;41,11;38,44;44,38;47,48;48,47;13,49;49,13;44,45;45,44;39,57;57,39;57,56;56,57
AAA = 2,3;3,2;4,5;5,4;9,11;11,9;9,12;12,9;1,15;15,1;1,17;17,1;4,18;18,4;5,6;6,5;7,8;8,7;11,13;13,11;12,16;16,12;14,15;15,14;18,19;19,18;19,20;20,19;21,20;20,21;21,22;22,21;22,23;23,22;23,24;24,23;24,26;26,24;26,27;27,26;27,28;28,27;7,29;29,7;32,33;33,32;37,39;39,37;36,40;40,36;11,41;41,11;38,44;44,38;14,46;46,14;46,47;47,46;47,48;48,47;50,51;51,50;10,51;51,10;13,49;49,13;44,45;45,44;40,56;56,40;39,57;57,39;57,56;56,57
p = 55.000000  3.000000  41.000000  0.000000  13.000000  75.000000  0.000000  150.000000  121.000000  5.000000  0.000000  377.000000  18.000000  10.500000  22.000000  43.000000  42.000000  27.200000  3.300000  2.300000  0.000000  0.000000  6.300000  0.000000  6.300000  0.000000  9.300000  4.600000  17.000000  3.600000  5.800000  1.600000  3.800000  0.000000  6.000000  0.000000  0.000000  14.000000  0.000000  0.000000  6.300000  7.100000  2.000000  12.000000  0.000000  0.000000  29.700000  0.000000  18.000000  21.000000  18.000000  4.900000  20.000000  4.100000  6.800000  7.600000  6.700000 
q = 17.000000  88.000000  21.000000  0.000000  4.000000  2.000000  0.000000  22.000000  26.000000  2.000000  0.000000  24.000000  2.300000  5.300000  5.000000  3.000000  8.000000  9.800000  0.600000  1.000000  0.000000  0.000000  2.100000  0.000000  3.200000  0.000000  0.500000  2.300000  2.600000  1.800000  2.900000  0.800000  1.900000  0.000000  3.000000  0.000000  0.000000  7.000000  0.000000  0.000000  3.000000  4.400000  1.000000  1.800000  0.000000  0.000000  11.600000  0.000000  8.500000  10.500000  5.300000  2.200000  10.000000  1.400000  3.400000  2.200000  2.000000
w = 3.323608  2.887075  1.071167  9.108232  7.060788  2.662336  3.874282  6.055243  4.465523  7.053108  8.587068  4.844772  9.086108  4.210395  3.108570  6.736674  9.286280  2.499676  6.055817  5.118043  2.947972  7.565906  5.187928  7.501327  8.800547  1.786220  2.994524  6.960379  7.093105  5.823554  7.470455  2.931189  4.490700  7.186662  3.229873  2.483859  1.213314  4.169316  5.697705  7.322441  8.273208  3.800319  4.964541  6.040271  4.836709  8.564486  3.319388  3.948097  4.668734  2.418535  1.317321  6.211242  7.351404  9.043502  8.143087  3.859557  1.578356
r = 1   2   0.008300  2   1   0.008300 2   3   0.029800  3   2   0.029800 3   4   0.011200  4   3   0.011200 4   5   0.062500  5   4   0.062500 4   6   0.043000  6   4   0.043000 6   7   0.020000  7   6   0.020000 6   8   0.033900  8   6   0.033900 8   9   0.009900  9   8   0.009900 9   10  0.036900  10   9   0.036900 9   11  0.025800  11   9   0.025800 9   12  0.064800  12   9   0.064800 9   13  0.048100  13   9   0.048100 13   14  0.013200  14   13  0.013200 13   15  0.026900  15   13  0.026900 1   15  0.017800  15   1   0.017800 1   16  0.045400  16   1   0.045400 1   17  0.023800  17   1   0.023800 3   15  0.016200  15   3   0.016200 4   18  0.000000  18   4   0.000000 5   6   0.030200  6   5   0.030200 7   8   0.013900  8   7   0.013900 10   12  0.027700  12   10  0.027700 11   13  0.022300  13   11  0.022300 12   13  0.017800  13   12  0.017800 12   16  0.018000  16   12  0.018000 12   17  0.039700  17   12  0.039700 14   15  0.017100  15   14  0.017100 18   19  0.461000  19   18  0.461000 19   20  0.283000  20   19  0.283000 21   20  0.000000  20   21  0.000000 21   22  0.073600  22   21  0.073600 22   23  0.009900  23   22  0.009900 23   24  0.166000  24   23  0.166000 24   25  0.000000  25   24  0.000000 24   26  0.000000  26   24  0.000000 26   27  0.165000  27   26  0.165000 27   28  0.061800  28   27  0.061800 28   29  0.041800  29   28  0.041800 7   29  0.000000  29   7   0.000000 25   30  0.135000  30   25  0.135000 30   31  0.326000  31   30   0.326000 31   32   0.507000  32   31   0.507000 32   33   0.039200  33   32   0.039200 34   32   0.000000  32   34   0.000000 34   35   0.052000  35   34   0.052000 35   36   0.043000  36   35   0.043000 36   37   0.029000  37   36   0.029000 37   38   0.065100  38   37   0.065100 37   39   0.023900  39   37   0.023900 36   40   0.030000  40   36   0.030000 22   38   0.019200  38   22   0.019200 11   41   0.000000  41   11   0.000000 41   42   0.207000  42   41   0.207000 41   43   0.000000  43   41   0.000000 38   44   0.028900  44   38   0.028900 15   45   0.000000  45   15   0.000000 14   46   0.000000  46   14   0.000000 46   47   0.023000  47   46   0.023000 47   48   0.018200  48   47   0.018200 48   49   0.083400  49   48   0.083400 49   50   0.080100  50   49   0.080100 50   51   0.138600  51   50   0.138600 10   51   0.000000  51   10   0.000000 13   49   0.000000  49   13   0.000000 29   52   0.144200  52   29   0.144200 52   53   0.076200  53   52   0.076200 53   54   0.187800  54   53   0.187800 54   55   0.173200  55   54   0.173200 11   43   0.000000  43   11   0.000000 44   45   0.062400  45   44   0.062400 40   56   0.000000  56   40   0.000000 56   41   0.553000  41   56   0.553000 56   42   0.212500  42   56   0.212500 39   57   0.000000  57   39   0.000000 57   56   0.174000  56   57   0.174000 38   49   0.115000  49   38   0.115000 38   48   0.031200  48   38   0.031200 9   55   0.000000  55   9   0.000000
r = 1   2   0.028000  2   1   0.028000 2   3   0.085000  3   2   0.085000 3   4   0.036600  4   3   0.036600 4   5   0.132000  5   4   0.132000 4   6   0.148000  6   4   0.148000 6   7   0.102000  7   6   0.102000 6   8   0.173000  8   6   0.173000 8   9   0.050500  9   8   0.050500 9   10   0.167900  10   9   0.167900 9   11   0.084800  11   9   0.084800 9   12   0.295000  12   9   0.295000 9   13   0.158000  13   9   0.158000 13   14   0.043400  14   13   0.043400 13   15   0.086900  15   13   0.086900 1   15   0.091000  15   1   0.091000 1   16   0.206000  16   1   0.206000 1   17   0.108000  17   1   0.108000 3   15   0.053000  15   3   0.053000 4   18   0.242284  18   4   0.242284 5   6   0.064100  6   5   0.064100 7   8   0.071200  8   7   0.071200 10   12   0.126200  12   10   0.126200 11   13   0.073200  13   11   0.073200 12   13   0.058000  13   12   0.058000 12   16   0.081300  16   12   0.081300 12   17   0.179000  17   12   0.179000 14   15   0.054700  15   14   0.054700 18   19   0.685000  19   18   0.685000 19   20   0.434000  20   19   0.434000 21   20   0.776700  20   21   0.776700 21   22   0.117000  22   21   0.117000 22   23   0.015200  23   22   0.015200 23   24   0.256000  24   23   0.256000 24   25   0.602761  25   24   0.602761 24   26   0.047300  26   24   0.047300 26   27   0.254000  27   26   0.254000 27   28   0.095400  28   27   0.095400 28   29   0.058700  29   28   0.058700 7   29   0.064800  29   7   0.064800 25   30   0.202000  30   25   0.202000 30   31   0.497000  31   30   0.497000 31   32   0.755000  32   31   0.755000 32   33   0.036000  33   32   0.036000 34   32   0.953000  32   34   0.953000 34   35   0.078000  35   34   0.078000 35   36   0.053700  36   35   0.053700 36   37   0.036600  37   36   0.036600 37   38   0.100900  38   37   0.100900 37   39   0.037900  39   37   0.037900 36   40   0.046600  40   36   0.046600 22   38   0.029500  38   22   0.029500 11   41   0.749000  41   11   0.749000 41   42   0.352000  42   41   0.352000 41   43   0.412000  43   41   0.412000 38   44   0.058500  44   38   0.058500 15   45   0.104200  45   15   0.104200 14   46   0.073500  46   14   0.073500 46   47   0.068000  47   46   0.068000 47   48   0.023300  48   47   0.023300 48   49   0.129000  49   48   0.129000 49   50   0.128000  50   49   0.128000 50   51   0.220000  51   50   0.220000 10   51   0.071200  51   10   0.071200 13   49   0.191000  49   13   0.191000 29   52   0.187000  52   29   0.187000 52   53   0.098400  53   52   0.098400 53   54   0.232000  54   53   0.232000 54   55   0.226500  55   54   0.226500 11   43   0.153000  43   11   0.153000 44   45   0.124200  45   44   0.124200 40   56   1.195000  56   40   1.195000 56   41   0.549000  41   56   0.549000 56   42   0.354000  42   56   0.354000 39   57   1.355000  57   39   1.355000 57   56   0.260000  56   57   0.260000 38   49   0.177000  49   38   0.177000 38   48   0.048200  48   38   0.048200 9   55   0.120500  55   9   0.120500
Vo = 5000
VR = 5000
epslison = 0.05
Pmax = 220.000000 280.000000 500.000000
Qmax = 160.000000 170.000000 200.000000 
TP = 200
TQ = 200
904
26
11
10
10
9
9
7
6
3
2
1
1
1
d = 0 1 1 1 0 0 0 0 0 0 0 1 0 0 0 0 1 1 0 1 0 0 0 0 0 0 1 0 0 0 0 0 0 0 0 0 1 0 0 0 0 0 0 0 0 0 1 0 0 0 0 0 0 0 0 0 1 
genloc = 2,10